(0,1) :[0.3522041440010071, 0.9335317611694336]
(0,2) :[0.2883187234401703, 0.9429563283920288]
(0,3) :[0.5392943620681763, 0.8864230149269104]
(0,4) :[0.3217184543609619, 0.9389880895614624]
(0,5) :[0.09207206219434738, 0.9816468358039856]
(0,6) :[0.6130253076553345, 0.7966269850730896]
(0,7) :[0.05886013060808182, 0.99057537317276]
(0,8) :[0.19185657799243927, 0.9672619104385376]
(0,9) :[0.05326260253787041, 0.9960317611694336]
(1,2) :[0.19664624333381653, 0.9642857313156128]
(1,3) :[0.47966596484184265, 0.8571428656578064]
(1,4) :[0.2350919544696808, 0.9375]
(1,5) :[0.042463261634111404, 0.9960317611694336]
(1,6) :[0.3337480425834656, 0.9216269850730896]
(1,7) :[0.02182469703257084, 0.9990079402923584]
(1,8) :[0.0748484656214714, 0.99057537317276]
(1,9) :[0.019656602293252945, 0.9990079402923584]
(2,3) :[0.2526485323905945, 0.9578372836112976]
(2,4) :[0.7479360103607178, 0.7395833134651184]
(2,5) :[0.09270937740802765, 0.9910714030265808]
(2,6) :[0.7591976523399353, 0.7266865372657776]
(2,7) :[0.05134706199169159, 0.9990079402923584]
(2,8) :[0.20613528788089752, 0.9603174328804016]
(2,9) :[0.055612385272979736, 0.9990079402923584]
(3,4) :[0.33032485842704773, 0.9032738208770752]
(3,5) :[0.0741182491183281, 0.9935516119003296]
(3,6) :[0.47005489468574524, 0.8645833134651184]
(3,7) :[0.040118083357810974, 0.9985119104385376]
(3,8) :[0.165623739361763, 0.9747023582458496]
(3,9) :[0.040791623294353485, 0.997519850730896]
(4,5) :[0.068374402821064, 0.9875991940498352]
(4,6) :[0.7197861671447754, 0.75]
(4,7) :[0.03484656661748886, 0.9955357313156128]
(4,8) :[0.165208101272583, 0.9742063283920288]
(4,9) :[0.05639364570379257, 0.9965277910232544]
(5,6) :[0.1376059204339981, 0.9771825671195984]
(5,7) :[0.5386464595794678, 0.8733016119003296]
(5,8) :[0.13134698569774628, 0.9692460298538208]
(5,9) :[0.2458636313676834, 0.9295634627342224]
(6,7) :[0.0792059376835823, 0.995039701461792]
(6,8) :[0.26322951912879944, 0.9414682388305664]
(6,9) :[0.06770346313714981, 0.9920634627342224]
(7,8) :[0.14740973711013794, 0.973710298538208]
(7,9) :[0.28982678055763245, 0.9122023582458496]
(8,9) :[0.10079828649759293, 0.9960317611694336]
