(0,1) :[0.23654673993587494, 0.9575559496879578]
(0,2) :[0.389385461807251, 0.9192176461219788]
(0,3) :[0.36578691005706787, 0.9434523582458496]
(0,4) :[0.3713524639606476, 0.9390121102333069]
(0,5) :[0.5390507578849792, 0.8702330589294434]
(0,6) :[0.3665606379508972, 0.9478597044944763]
(0,7) :[0.28326329588890076, 0.9503968358039856]
(0,8) :[0.6536746621131897, 0.8004032373428345]
(0,9) :[0.4007841944694519, 0.9241071343421936]
(1,2) :[0.37364891171455383, 0.9163603186607361]
(1,3) :[0.350017249584198, 0.9227941036224365]
(1,4) :[0.33797961473464966, 0.9305037260055542]
(1,5) :[0.3211323916912079, 0.9336825013160706]
(1,6) :[0.21151083707809448, 0.9607007503509521]
(1,7) :[0.3414779603481293, 0.9201818704605103]
(1,8) :[0.3204972743988037, 0.9339896440505981]
(1,9) :[0.30009207129478455, 0.9510261416435242]
(2,3) :[0.43792805075645447, 0.8899489045143127]
(2,4) :[0.40510886907577515, 0.920039713382721]
(2,5) :[0.34967875480651855, 0.9236680269241333]
(2,6) :[0.43088188767433167, 0.9126983880996704]
(2,7) :[0.2759051024913788, 0.9597756862640381]
(2,8) :[0.4067619740962982, 0.9179743528366089]
(2,9) :[0.3320688307285309, 0.9460155963897705]
(3,4) :[0.3378484547138214, 0.9632936716079712]
(3,5) :[0.46975237131118774, 0.9040922522544861]
(3,6) :[0.2145249992609024, 0.9858628897666931]
(3,7) :[0.47075384855270386, 0.9134410619735718]
(3,8) :[0.4887237846851349, 0.899193525314331]
(3,9) :[0.45920589566230774, 0.92626953125]
(4,5) :[0.504399836063385, 0.8850046992301941]
(4,6) :[0.5241356492042542, 0.8766393065452576]
(4,7) :[0.4015226364135742, 0.9226190447807312]
(4,8) :[0.4554974436759949, 0.928931474685669]
(4,9) :[0.6698824763298035, 0.7943594455718994]
(5,6) :[0.34808120131492615, 0.931490421295166]
(5,7) :[0.44038572907447815, 0.921875]
(5,8) :[0.6275021433830261, 0.8005296587944031]
(5,9) :[0.49079763889312744, 0.8987179398536682]
(6,7) :[0.1693316102027893, 0.9836309552192688]
(6,8) :[0.31500959396362305, 0.9523565769195557]
(6,9) :[0.3246924579143524, 0.9581653475761414]
(7,8) :[0.41967394948005676, 0.9113205075263977]
(7,9) :[0.6208306550979614, 0.8271484375]
(8,9) :[0.543979823589325, 0.8779265880584717]
